Year,Month,Day,Hour,Air Temp,Dew Point Temp,Sea Level Pressure,Wind Direction,Wind Speed Rate,Sky Condition Total Coverage Code,Liquid Precipitation Depth Dimension - 1Hr Duration,Liquid Precipitation Depth Dimension - Six Hour Duration
2022,1,1,0,46.4,80,10120,180,35,1,0,0
2022,1,1,1,47.3,80,10120,180,35,1,0,0
2022,1,1,2,48.2,80,10120,180,35,1,0,0
2022,1,1,3,49.1,80,10120,180,35,1,0,0
2022,1,1,4,50.0,80,10120,180,35,1,0,0
2022,1,1,5,50.900000000000006,80,10120,180,35,1,0,0
2022,1,1,6,51.8,80,10120,180,35,1,0,0
2022,1,1,7,52.7,80,10120,180,35,1,0,0
2022,1,1,8,53.6,80,10120,180,35,1,0,0
2022,1,1,9,54.5,80,10120,180,35,1,0,0
2022,1,1,10,55.400000000000006,80,10120,180,35,1,0,0
2022,1,1,11,56.3,80,10120,180,35,1,0,0
2022,1,1,12,57.2,80,10120,180,35,1,0,0
2022,1,1,13,58.1,80,10120,180,35,1,0,0
2022,1,1,14,59.0,80,10120,180,35,1,0,0
2022,1,1,15,59.900000000000006,80,10120,180,35,1,0,0
2022,1,1,16,60.8,80,10120,180,35,1,0,0
2022,1,1,17,61.7,80,10120,180,35,1,0,0
2022,1,1,18,62.6,80,10120,180,35,1,0,0
2022,1,1,19,63.5,80,10120,180,35,1,0,0
2022,1,1,20,64.4,80,10120,180,35,1,0,0
2022,1,1,21,65.30000000000001,80,10120,180,35,1,0,0
2022,1,1,22,66.2,80,10120,180,35,1,0,0
2022,1,1,23,67.1,80,10120,180,35,1,0,0
2022,1,2,0,46.4,80,10120,180,35,1,0,0
2022,1,2,1,47.3,80,10120,180,35,1,0,0
2022,1,2,2,48.2,80,10120,180,35,1,0,0
2022,1,2,3,49.1,80,10120,180,35,1,0,0
2022,1,2,4,50.0,80,10120,180,35,1,0,0
2022,1,2,5,50.900000000000006,80,10120,180,35,1,0,0
2022,1,2,6,51.8,80,10120,180,35,1,0,0
2022,1,2,7,52.7,80,10120,180,35,1,0,0
2022,1,2,8,53.6,80,10120,180,35,1,0,0
2022,1,2,9,54.5,80,10120,180,35,1,0,0
2022,1,2,10,55.400000000000006,80,10120,180,35,1,0,0
2022,1,2,11,56.3,80,10120,180,35,1,0,0
2022,1,2,12,57.2,80,10120,180,35,1,0,0
2022,1,2,13,58.1,80,10120,180,35,1,0,0
2022,1,2,14,59.0,80,10120,180,35,1,0,0
2022,1,2,15,59.900000000000006,80,10120,180,35,1,0,0
2022,1,2,16,60.8,80,10120,180,35,1,0,0
2022,1,2,17,61.7,80,10120,180,35,1,0,0
2022,1,2,18,62.6,80,10120,180,35,1,0,0
2022,1,2,19,63.5,80,10120,180,35,1,0,0
2022,1,2,20,64.4,80,10120,180,35,1,0,0
2022,1,2,21,65.30000000000001,80,10120,180,35,1,0,0
2022,1,2,22,66.2,80,10120,180,35,1,0,0
2022,1,2,23,67.1,80,10120,180,35,1,0,0
2022,1,3,0,46.4,80,10120,180,35,1,0,0
2022,1,3,1,47.3,80,10120,180,35,1,0,0
2022,1,3,2,48.2,80,10120,180,35,1,0,0
2022,1,3,3,49.1,80,10120,180,35,1,0,0
2022,1,3,4,50.0,80,10120,180,35,1,0,0
2022,1,3,5,50.900000000000006,80,10120,180,35,1,0,0
2022,1,3,6,51.8,80,10120,180,35,1,0,0
2022,1,3,7,52.7,80,10120,180,35,1,0,0
2022,1,3,8,53.6,80,10120,180,35,1,0,0
2022,1,3,9,54.5,80,10120,180,35,1,0,0
2022,1,3,10,55.400000000000006,80,10120,180,35,1,0,0
2022,1,3,11,56.3,80,10120,180,35,1,0,0
2022,1,3,12,57.2,80,10120,180,35,1,0,0
2022,1,3,13,58.1,80,10120,180,35,1,0,0
2022,1,3,14,59.0,80,10120,180,35,1,0,0
2022,1,3,15,59.900000000000006,80,10120,180,35,1,0,0
2022,1,3,16,60.8,80,10120,180,35,1,0,0
2022,1,3,17,61.7,80,10120,180,35,1,0,0
2022,1,3,18,62.6,80,10120,180,35,1,0,0
2022,1,3,19,63.5,80,10120,180,35,1,0,0
2022,1,3,20,64.4,80,10120,180,35,1,0,0
2022,1,3,21,65.30000000000001,80,10120,180,35,1,0,0
2022,1,3,22,66.2,80,10120,180,35,1,0,0
2022,1,3,23,67.1,80,10120,180,35,1,0,0
